name: IEA Wind Task 37 22MW Offshore Reference Turbine
performance:
  rated_power: 22000000
  cutin_wind_speed: 3.0
  cutout_wind_speed: 25.0
  power_curve: 
    power_values: [421830.7401, 729594.6257, 1098194.475, 1540709.041, 2047160.453, 2603916.16, 3194496.505, 3800420.277, 4402064.968, 4979518.503, 5513399.741, 5985626.199, 6380108.952, 6683356.762, 6884973.888, 6978038.832, 6996756.701, 7128651.63, 7377653.407, 7751125.765, 8259981.109, 8918840.694, 9746232.072, 10764813.38, 12001612.05, 13906732.09, 15575335.77, 17169564.25, 18707563.22, 20200435.36, 21753121.87, 22000000, 22000001.48, 22000000.35, 21999955.65, 22000118.77, 22000062.11, 22000034.76, 22000020.65, 22000012.66, 22000007.74, 22000004.51, 22000002.28, 22000000.79, 22000359.85, 21999980, 22000001.04, 22000002.58, 22000004.76, 22000007.56]
    power_wind_speeds: [3, 3.54953237, 4.067900771, 4.553906848, 5.006427063, 5.424415288, 5.806905228, 6.153012649, 6.461937428, 6.732965398, 6.965470002, 7.158913742, 7.312849418, 7.426921164, 7.500865272, 7.534510799, 7.541241633, 7.58833327, 7.675676842, 7.803070431, 7.970219531, 8.176737731, 8.422147605, 8.70588182, 9.027284445, 9.385612468, 9.780037514, 10.20964776, 10.67345004, 11.17037214, 11.6992653, 11.78024073, 12.25890683, 12.84800295, 13.46519181, 14.10904661, 14.77807889, 15.470742, 16.18543466, 16.92050464, 17.67425264, 18.44493615, 19.23077353, 20.02994808, 20.8406123, 21.66089211, 22.4888912, 23.32269542, 24.1603772, 25]
  Ct_curve:
    Ct_values: [0.909690244, 0.855257296, 0.855257296, 0.855257296, 0.855257296, 0.855257296, 0.855257296, 0.855257296, 0.855257296, 0.855257296, 0.855257296, 0.855257296, 0.855257296, 0.855257296, 0.855257296, 0.855257296, 0.855257296, 0.855257296, 0.855257296, 0.855257296, 0.855257296, 0.855257296, 0.855257296, 0.855257296, 0.855257296, 0.774101086, 0.720490763, 0.661132053, 0.604923382, 0.552299944, 0.503492823, 0.496594767, 0.425165695, 0.358673982, 0.305077335, 0.26106267, 0.224518543, 0.193961007, 0.168274803, 0.146592991, 0.128225018, 0.112613259, 0.099303406, 0.087922528, 0.078163937, 0.069768953, 0.062529458, 0.056267516, 0.050835688, 0.046110568]
    Ct_wind_speeds: [3, 3.54953237, 4.067900771, 4.553906848, 5.006427063, 5.424415288, 5.806905228, 6.153012649, 6.461937428, 6.732965398, 6.965470002, 7.158913742, 7.312849418, 7.426921164, 7.500865272, 7.534510799, 7.541241633, 7.58833327, 7.675676842, 7.803070431, 7.970219531, 8.176737731, 8.422147605, 8.70588182, 9.027284445, 9.385612468, 9.780037514, 10.20964776, 10.67345004, 11.17037214, 11.6992653, 11.78024073, 12.25890683, 12.84800295, 13.46519181, 14.10904661, 14.77807889, 15.470742, 16.18543466, 16.92050464, 17.67425264, 18.44493615, 19.23077353, 20.02994808, 20.8406123, 21.66089211, 22.4888912, 23.32269542, 24.1603772, 25]
hub_height: 170.0
rotor_diameter: 283.2181
tilt: 6.0