name: IEA Wind 22MW Offshore Reference Turbine (WISDEM performance)
performance:
  rated_power: 22000000
  cutin_wind_speed: 3.0
  cutout_wind_speed: 25.0
  power_curve: 
    power_values: [375538.6489,635644.5192,1014237.244,1473497.284,1996315.118,2571170.922,3179901.342,3803380.108,4421435.886,5013265.683,5559920.78,6043266.596,6446694.086,6756659.289,6962663.346,7057781.739,7076914.762,7211728.426,7466186.181,7847828.144,8367545.594,9039659.135,9882192.126,10918830.42,12176330.54,13684381.08,15971525.41,18121249.94,20200106.29,22000000,21999982.65,21999987.72,22000002.15,22000000.2,21999901.99,22000086.48,22000044.5,22000024.7,22000015.03,22000009.88,22000006.73,22000004.64,22000003.05,22000001.73,22000000.68,22000396,21999893.67,22000001.09,22000002.82,22000005.31]
    power_wind_speeds: [3,3.54953237,4.067900771,4.553906848,5.006427063,5.424415288,5.806905228,6.153012649,6.461937428,6.732965398,6.965470002,7.158913742,7.312849418,7.426921164,7.500865272,7.534510799,7.541241633,7.58833327,7.675676842,7.803070431,7.970219531,8.176737731,8.422147605,8.70588182,9.027284445,9.385612468,9.780037514,10.20964776,10.67345004,11.13492728,11.17037214,11.6992653,12.25890683,12.84800295,13.46519181,14.10904661,14.77807889,15.470742,16.18543466,16.92050464,17.67425264,18.44493615,19.23077353,20.02994808,20.8406123,21.66089211,22.4888912,23.32269542,24.1603772,25]
  Ct_curve:
    Ct_values: [0.781330462,0.856986677,0.856986677,0.856986677,0.856986677,0.856986677,0.856986677,0.856986677,0.856986677,0.856986677,0.856986677,0.856986677,0.856986677,0.856986677,0.856986677,0.856986677,0.856986677,0.856986677,0.856986677,0.856986677,0.856986677,0.856986677,0.856986677,0.856986677,0.856986677,0.856986677,0.774831279,0.751237387,0.687365371,0.63157364,0.620285375,0.500707415,0.417418767,0.352496626,0.300020593,0.256857131,0.220980221,0.190956234,0.165702375,0.144374588,0.126299006,0.110930462,0.09782423,0.086614854,0.07700031,0.068731176,0.061595491,0.055424038,0.050069939,0.045412126]
    Ct_wind_speeds: [3,3.54953237,4.067900771,4.553906848,5.006427063,5.424415288,5.806905228,6.153012649,6.461937428,6.732965398,6.965470002,7.158913742,7.312849418,7.426921164,7.500865272,7.534510799,7.541241633,7.58833327,7.675676842,7.803070431,7.970219531,8.176737731,8.422147605,8.70588182,9.027284445,9.385612468,9.780037514,10.20964776,10.67345004,11.13492728,11.17037214,11.6992653,12.25890683,12.84800295,13.46519181,14.10904661,14.77807889,15.470742,16.18543466,16.92050464,17.67425264,18.44493615,19.23077353,20.02994808,20.8406123,21.66089211,22.4888912,23.32269542,24.1603772,25]
hub_height: 170.0
rotor_diameter: 284
tilt: 6.0